101 Apple iPhone_13 6.1 128 12.0 799 699 599 100
102 Apple iPhone_12 6.1 64 12.0 699 599 499 80
103 Apple iPhone_11 6.1 64 12.0 599 499 399 60
104 Apple iPhone_X 5.8 64 12.0 899 799 699 40
105 Apple iPhone_XR 6.1 64 12.0 499 399 299 30
106 Apple iPhone_SE 4.7 64 12.0 399 299 199 20
107 Apple iPhone_8 4.7 64 12.0 449 349 249 15
108 Apple iPhone_7 4.7 32 12.0 349 249 149 10
109 Apple iPhone_6S 4.7 32 12.0 299 199 99 5
110 Apple iPhone_6 4.7 16 8.0 249 149 49 3
111 Samsung Galaxy_S21 6.2 128 64.0 799 699 599 100
112 Samsung Galaxy_S20 6.2 128 64.0 699 599 499 0
113 Samsung Galaxy_S10 6.1 128 16.0 599 499 399 60
114 Samsung Galaxy_S9 5.8 64 12.0 499 399 299 40
115 Samsung Galaxy_S8 5.8 64 12.0 399 299 199 30
116 Samsung Galaxy_Note20 6.7 256 108.0 999 899 799 20
117 Samsung Galaxy_Note10 6.3 256 16.0 949 849 749 15
118 Samsung Galaxy_A71 6.7 128 64.0 599 499 399 10
119 Samsung Galaxy_A51 6.5 128 48.0 399 299 199 5
120 Samsung Galaxy_A21 6.5 32 16.0 249 149 49 3
121 Google Pixel_6_Pro 6.7 128 50.0 899 799 699 100
122 Google Pixel_6 6.4 128 50.0 799 699 599 80
123 Google Pixel_5 6.0 128 12.2 699 599 499 60
124 Google Pixel_4_XL 6.3 64 12.2 899 799 699 40
125 Google Pixel_4 5.7 64 12.2 799 699 599 30
126 Google Pixel_3_XL 6.3 64 12.2 699 599 499 20
127 Google Pixel_3 5.5 64 12.2 599 499 399 15
128 Google Pixel_3a_XL 6.0 64 12.2 479 379 279 10
129 Google Pixel_3a 5.6 64 12.2 399 299 199 5
130 Google Pixel_2_XL 6.0 64 12.2 849 749 649 3
131 LG Velvet 6.8 128 48.0 599 499 399 100
132 LG Wing 6.8 256 64.0 999 899 799 80
133 LG G8_ThinQ 6.1 128 16.0 849 749 649 60
134 LG V60_ThinQ 6.8 128 64.0 949 849 749 40
135 LG Stylo_6 6.8 64 13.0 299 199 99 30
136 LG K92_5G 6.7 128 64.0 399 299 199 20
137 LG G7_ThinQ 6.1 64 16.0 749 649 549 15
138 LG V50_ThinQ 6.4 128 16.0 999 899 799 10
139 LG Stylo_5 6.2 32 13.0 299 199 99 5
140 LG Harmony_4 6.1 32 13.0 199 99 49 3
141 Motorola Moto_G_Power 6.4 64 16.0 249 149 99 100
142 Motorola Moto_G_Stylus 6.4 128 48.0 299 199 149 80
143 Motorola Moto_G_Fast 6.4 32 16.0 199 99 49 60
144 Motorola Moto_E 6.2 32 13.0 149 79 39 40
145 Motorola One_Fusion 6.5 64 48.0 399 299 199 30
146 Motorola Edge 6.7 256 64.0 699 599 499 20
147 Motorola Razr 6.2 128 16.0 1499 1399 1299 15
148 Motorola Moto_G7_Power 6.2 64 12.0 249 149 99 10
149 Motorola Moto_Z4 6.4 128 48.0 499 399 299 5
150 Motorola One_Action 6.3 128 12.0 349 249 149 3
151 Sony Xperia_1_III 6.5 256 12.0 1199 1099 999 100
152 Sony Xperia_5_III 6.1 128 12.0 999 899 799 80
153 Sony Xperia_10_III 6.0 128 12.0 449 349 249 60
154 Sony Xperia_1_II 6.5 256 12.0 1099 999 899 40
155 Sony Xperia_5_II 6.1 128 12.0 949 849 749 30
156 Sony Xperia_L4 6.2 64 13.0 199 149 99 20
157 Sony Xperia_10_II 6.0 128 12.0 399 299 199 15
158 Sony Xperia_L3 5.7 32 13.0 199 149 99 10
159 Sony Xperia_5 6.1 128 12.0 799 699 599 5
160 Sony Xperia_1 6.5 128 12.0 949 849 749 7
